HALCON_OCV_Projection_V1
1
AAAAAAAAA
3.810000e+002 4.400000e+002 -0.000000e+000 76583
559
2.550000e+002
2.550000e+002
2.550000e+002
2.550000e+002
2.550000e+002
2.550000e+002
2.550000e+002
2.550000e+002
2.550000e+002
2.550000e+002
2.550000e+002
2.550000e+002
2.550000e+002
2.550000e+002
2.550000e+002
2.550000e+002
2.550000e+002
2.550000e+002
2.550000e+002
2.550000e+002
2.550000e+002
2.550000e+002
2.550000e+002
2.550000e+002
2.550000e+002
2.550000e+002
2.550000e+002
2.550000e+002
2.550000e+002
2.550000e+002
2.550000e+002
2.550000e+002
2.550000e+002
2.550000e+002
2.550000e+002
2.550000e+002
2.550000e+002
2.550000e+002
2.550000e+002
2.550000e+002
2.550000e+002
2.550000e+002
2.550000e+002
2.550000e+002
2.550000e+002
2.550000e+002
2.550000e+002
2.550000e+002
2.550000e+002
2.550000e+002
2.550000e+002
2.550000e+002
2.550000e+002
2.550000e+002
2.550000e+002
2.550000e+002
2.550000e+002
2.550000e+002
2.550000e+002
2.550000e+002
2.550000e+002
2.550000e+002
2.550000e+002
2.550000e+002
2.550000e+002
2.550000e+002
2.550000e+002
2.550000e+002
2.550000e+002
2.550000e+002
2.550000e+002
2.550000e+002
2.550000e+002
2.550000e+002
2.550000e+002
2.550000e+002
2.550000e+002
2.550000e+002
2.550000e+002
2.550000e+002
2.550000e+002
2.550000e+002
2.550000e+002
2.550000e+002
2.550000e+002
2.550000e+002
2.550000e+002
2.550000e+002
2.550000e+002
2.550000e+002
2.550000e+002
2.550000e+002
2.550000e+002
2.550000e+002
2.550000e+002
2.550000e+002
2.550000e+002
2.550000e+002
2.550000e+002
2.550000e+002
2.550000e+002
2.550000e+002
2.550000e+002
2.550000e+002
2.550000e+002
2.550000e+002
2.550000e+002
2.550000e+002
2.550000e+002
2.526350e+002
2.209562e+002
2.023431e+002
1.906496e+002
1.808102e+002
1.731022e+002
1.661825e+002
1.603358e+002
1.550219e+002
1.499708e+002
1.457153e+002
1.419927e+002
1.382701e+002
1.348175e+002
1.316277e+002
1.284307e+002
1.257664e+002
1.326642e+002
1.598102e+002
1.720292e+002
1.786934e+002
1.845401e+002
1.874672e+002
1.911825e+002
1.925036e+002
1.951752e+002
1.970365e+002
1.980876e+002
1.988978e+002
2.004891e+002
2.015620e+002
2.012847e+002
2.018102e+002
2.026131e+002
2.028905e+002
2.028832e+002
2.028832e+002
2.028832e+002
2.028832e+002
2.028832e+002
2.023577e+002
2.023504e+002
2.018175e+002
2.007518e+002
2.004891e+002
1.988905e+002
1.981022e+002
1.959708e+002
1.935693e+002
1.922482e+002
1.895912e+002
1.855985e+002
1.826715e+002
1.765693e+002
1.693723e+002
1.614015e+002
1.627299e+002
1.661898e+002
1.701752e+002
1.731022e+002
1.770876e+002
1.810730e+002
1.853285e+002
1.909197e+002
1.962409e+002
2.012847e+002
2.079343e+002
2.151168e+002
2.233577e+002
2.331898e+002
2.451606e+002
2.544672e+002
2.550000e+002
2.550000e+002
2.550000e+002
2.550000e+002
2.550000e+002
2.550000e+002
2.550000e+002
2.550000e+002
2.550000e+002
2.550000e+002
2.550000e+002
2.550000e+002
2.337153e+002
1.042336e+002
1.042336e+002
1.042336e+002
1.042336e+002
1.042336e+002
1.042336e+002
1.042336e+002
1.042336e+002
1.042336e+002
1.042336e+002
1.042336e+002
1.042336e+002
1.042336e+002
1.042336e+002
1.042336e+002
1.042336e+002
2.118394e+002
2.550000e+002
2.550000e+002
2.550000e+002
2.550000e+002
2.550000e+002
2.550000e+002
2.550000e+002
2.550000e+002
2.550000e+002
2.550000e+002
2.523431e+002
2.433066e+002
2.374526e+002
2.252190e+002
2.031460e+002
1.911752e+002
1.810803e+002
1.736277e+002
1.667153e+002
1.608686e+002
1.558248e+002
1.507737e+002
1.459708e+002
1.425255e+002
1.387956e+002
1.353431e+002
1.364088e+002
1.406569e+002
1.417226e+002
1.515766e+002
1.587445e+002
1.621898e+002
1.645985e+002
1.667226e+002
1.691168e+002
1.696423e+002
1.707007e+002
1.707007e+002
1.723066e+002
1.717737e+002
1.728394e+002
1.725693e+002
1.728321e+002
1.725693e+002
1.731022e+002
1.723066e+002
1.728321e+002
1.720438e+002
1.712336e+002
1.709708e+002
1.701679e+002
1.693796e+002
1.683139e+002
1.648613e+002
1.630000e+002
1.587445e+002
1.526277e+002
1.446423e+002
1.420000e+002
1.318686e+002
1.329562e+002
1.342774e+002
1.380000e+002
1.409270e+002
1.443796e+002
1.478467e+002
1.531606e+002
1.579489e+002
1.635255e+002
1.699124e+002
1.768248e+002
1.858759e+002
1.970292e+002
2.143212e+002
2.257445e+002
2.435620e+002
2.550000e+002
2.550000e+002
2.550000e+002
2.550000e+002
2.550000e+002
2.550000e+002
2.550000e+002
2.550000e+002
2.550000e+002
2.550000e+002
2.526350e+002
2.209562e+002
2.023431e+002
1.906496e+002
1.808102e+002
1.731022e+002
1.661825e+002
1.603358e+002
1.550219e+002
1.499708e+002
1.457153e+002
1.419927e+002
1.382701e+002
1.348175e+002
1.316277e+002
1.284307e+002
1.257664e+002
1.326642e+002
1.598102e+002
1.720292e+002
1.786934e+002
1.845401e+002
1.874672e+002
1.911825e+002
1.925036e+002
1.951752e+002
1.970365e+002
1.980876e+002
1.988978e+002
2.004891e+002
2.015620e+002
2.012847e+002
2.018102e+002
2.026131e+002
2.028905e+002
2.028832e+002
2.028832e+002
2.028832e+002
2.028832e+002
2.028832e+002
2.023577e+002
2.023504e+002
2.018175e+002
2.007518e+002
2.004891e+002
1.988905e+002
1.981022e+002
1.959708e+002
1.935693e+002
1.922482e+002
1.895912e+002
1.855985e+002
1.826715e+002
1.765693e+002
1.693723e+002
1.614015e+002
1.627299e+002
1.661898e+002
1.701752e+002
1.731022e+002
1.770876e+002
1.810730e+002
1.853285e+002
1.909197e+002
1.962409e+002
2.012847e+002
2.079343e+002
2.151168e+002
2.233577e+002
2.331898e+002
2.451606e+002
2.544672e+002
2.550000e+002
2.550000e+002
2.550000e+002
2.550000e+002
2.550000e+002
2.550000e+002
2.550000e+002
2.550000e+002
2.550000e+002
2.550000e+002
2.403723e+002
2.092628e+002
1.954380e+002
1.848029e+002
1.760292e+002
1.691168e+002
1.624672e+002
1.571460e+002
1.518321e+002
1.475766e+002
1.433212e+002
1.395985e+002
1.358759e+002
1.324234e+002
1.294964e+002
1.263066e+002
1.239051e+002
1.436058e+002
1.614088e+002
1.709708e+002
1.768248e+002
1.810803e+002
1.848029e+002
1.882555e+002
1.901095e+002
1.919781e+002
1.946423e+002
1.962409e+002
1.967591e+002
1.986350e+002
1.991606e+002
2.012847e+002
2.010219e+002
2.007445e+002
2.020876e+002
2.028832e+002
2.023577e+002
2.028832e+002
2.028832e+002
2.028832e+002
2.028832e+002
2.028832e+002
2.023577e+002
2.028832e+002
2.026204e+002
2.018102e+002
2.010219e+002
2.010219e+002
1.996934e+002
1.988978e+002
1.972920e+002
1.965036e+002
1.946423e+002
1.930438e+002
1.906423e+002
1.890584e+002
1.858613e+002
1.824088e+002
1.776204e+002
1.723066e+002
1.629927e+002
1.457299e+002
1.239051e+002
1.268321e+002
1.300292e+002
1.326861e+002
1.358759e+002
1.395985e+002
1.433212e+002
1.473139e+002
1.515620e+002
1.571460e+002
1.624672e+002
1.688467e+002
1.760292e+002
1.845401e+002
1.951679e+002
2.087299e+002
2.363796e+002
2.550000e+002
2.550000e+002
2.550000e+002
2.550000e+002
2.550000e+002
2.550000e+002
2.550000e+002
2.550000e+002
2.550000e+002
2.550000e+002
2.550000e+002
2.550000e+002
2.550000e+002
2.550000e+002
2.550000e+002
2.550000e+002
2.550000e+002
2.550000e+002
2.550000e+002
2.550000e+002
2.550000e+002
2.550000e+002
2.550000e+002
2.550000e+002
2.550000e+002
2.550000e+002
2.550000e+002
2.550000e+002
2.550000e+002
2.550000e+002
2.550000e+002
2.550000e+002
2.550000e+002
2.550000e+002
2.550000e+002
2.550000e+002
2.550000e+002
2.550000e+002
2.550000e+002
2.550000e+002
2.550000e+002
2.550000e+002
2.550000e+002
2.550000e+002
2.550000e+002
2.550000e+002
2.550000e+002
2.550000e+002
2.550000e+002
2.550000e+002
2.550000e+002
2.550000e+002
2.550000e+002
2.550000e+002
2.550000e+002
2.550000e+002
2.550000e+002
2.550000e+002
2.550000e+002
2.550000e+002
2.550000e+002
2.550000e+002
2.550000e+002
2.550000e+002
2.550000e+002
2.550000e+002
2.550000e+002
2.550000e+002
2.550000e+002
2.550000e+002
2.550000e+002
2.550000e+002
2.550000e+002
2.550000e+002
2.550000e+002
2.550000e+002
2.550000e+002
2.550000e+002
2.550000e+002
2.550000e+002
2.550000e+002
2.550000e+002
2.550000e+002
2.550000e+002
2.550000e+002
2.550000e+002
2.550000e+002
2.550000e+002
2.550000e+002
2.550000e+002
2.550000e+002
2.550000e+002
2.550000e+002
2.550000e+002
2.550000e+002
2.550000e+002
2.550000e+002
2.550000e+002
2.550000e+002
2.550000e+002
2.550000e+002
137
2.550000e+002
2.550000e+002
2.550000e+002
2.550000e+002
2.550000e+002
2.550000e+002
2.550000e+002
2.550000e+002
2.550000e+002
2.550000e+002
2.550000e+002
2.550000e+002
2.550000e+002
2.550000e+002
2.550000e+002
2.550000e+002
2.314061e+002
2.046243e+002
1.934150e+002
1.848140e+002
1.778426e+002
1.719106e+002
1.666977e+002
1.620698e+002
1.577746e+002
1.541234e+002
1.507317e+002
1.476047e+002
1.447388e+002
1.420644e+002
1.575170e+002
1.676744e+002
1.726923e+002
1.760161e+002
1.786905e+002
1.806440e+002
1.820125e+002
1.835116e+002
1.841646e+002
1.847478e+002
1.855349e+002
1.921145e+002
2.009696e+002
2.055403e+002
2.074240e+002
2.069696e+002
2.054723e+002
2.040394e+002
2.025403e+002
2.012343e+002
1.998712e+002
1.985653e+002
1.979123e+002
1.973292e+002
1.968068e+002
1.964812e+002
1.965456e+002
1.966744e+002
1.970680e+002
1.975886e+002
1.986977e+002
1.995456e+002
2.009732e+002
2.023470e+002
2.041020e+002
2.056011e+002
2.065796e+002
2.060644e+002
2.031896e+002
2.006494e+002
1.958301e+002
1.890537e+002
1.848104e+002
1.844902e+002
1.838980e+002
1.833810e+002
1.823417e+002
1.809052e+002
1.795975e+002
1.777746e+002
1.750394e+002
1.721073e+002
1.680680e+002
1.606995e+002
1.485868e+002
1.420644e+002
1.449356e+002
1.479946e+002
1.511234e+002
1.546404e+002
1.589445e+002
1.631163e+002
1.684562e+002
1.737370e+002
1.805170e+002
1.883363e+002
1.981073e+002
2.133542e+002
2.424204e+002
2.550000e+002
2.550000e+002
2.550000e+002
2.550000e+002
2.550000e+002
2.550000e+002
2.550000e+002
2.550000e+002
2.550000e+002
2.550000e+002
2.550000e+002
2.550000e+002
2.550000e+002
2.550000e+002
2.550000e+002
2.550000e+002
2.550000e+002
2.550000e+002
2.550000e+002
2.550000e+002
2.550000e+002
2.550000e+002
2.550000e+002
2.550000e+002
2.550000e+002
2.550000e+002
2.550000e+002
2.550000e+002
2.550000e+002
2.550000e+002
2.550000e+002
2.550000e+002
2.550000e+002
2.550000e+002
2.550000e+002
2.550000e+002
2.550000e+002
2.550000e+002
